"species","x","y","bio2","bio4","bio14","bio12","bio6","bio18"
"background",1,1,167,830,7,507,131,223
"background",2,2,170,781,7,702,110,296
"background",3,3,175,784,8,600,115,259
"background",4,4,164,904,11,725,85,276
"background",5,5,145,769,22,733,61,200
"background",6,6,168,650,7,795,115,314
"background",7,7,168,894,16,511,115,205
"background",8,8,164,791,15,431,134,176
"background",9,9,163,712,14,545,79,218
"background",10,10,164,753,15,588,85,228
"background",11,11,155,922,17,714,81,257
"background",12,12,157,829,14,591,73,214
"background",13,13,145,727,2,235,194,105
"background",14,14,162,713,2,493,149,208
"background",15,15,167,693,4,485,146,208
"background",16,16,171,922,12,539,114,224
"background",17,17,167,965,13,575,108,234
"background",18,18,163,755,3,456,151,201
"background",19,19,164,833,5,487,139,214
"background",20,20,159,872,18,628,79,192
"background",21,21,173,805,7,550,122,240
"background",22,22,170,866,10,501,122,214
"background",23,23,160,727,1,466,153,196
"background",24,24,164,768,3,476,146,212
"background",25,25,173,670,10,739,123,304
"background",26,26,174,708,7,693,115,298
"background",27,27,168,822,17,474,121,184
"background",28,28,173,845,8,532,120,229
"background",29,29,176,863,9,570,109,243
"background",30,30,173,802,6,597,119,259
"background",31,31,160,720,14,569,75,210
"background",32,32,174,869,11,525,110,219
"background",33,33,171,676,9,637,134,259
"background",34,34,171,696,7,678,129,277
"background",35,35,174,716,10,746,110,390
"background",36,36,176,877,13,537,100,218
"background",37,37,164,833,5,513,137,226
"background",38,38,175,851,9,540,112,230
"background",39,39,167,695,4,552,140,226
"background",40,40,157,789,1,418,163,186
"background",41,41,167,744,11,512,120,171
"background",42,42,163,719,2,447,152,192
"background",43,43,167,806,6,465,140,206
"background",44,44,165,842,15,462,126,188
"background",45,45,170,645,8,591,139,231
"background",46,46,158,850,12,464,128,190
"background",47,47,174,864,11,516,113,216
"background",48,48,161,728,2,476,152,200
"background",49,49,169,792,12,513,110,182
"background",50,50,172,684,9,702,127,289
"background",51,51,168,669,6,646,134,255
"background",52,52,169,937,12,588,108,243
"background",53,53,155,760,14,609,71,213
"background",54,54,153,802,15,619,69,214
"background",55,55,175,820,12,612,96,248
"background",56,56,171,820,6,568,123,249
"background",57,57,169,668,4,657,130,276
"background",58,58,154,856,18,651,73,190
"background",59,59,160,746,2,479,151,202
"background",60,60,161,735,2,492,149,213
"background",61,61,167,733,4,493,143,216
"background",62,62,165,786,4,441,148,198
"background",63,63,169,917,14,543,112,221
"background",64,64,165,694,3,533,143,211
"background",65,65,162,752,2,460,153,199
"background",66,66,163,745,14,425,140,162
"background",67,67,160,804,15,571,75,219
"background",68,68,157,692,9,801,84,294
"background",69,69,170,971,18,553,105,215
"background",70,70,167,677,4,533,141,215
"background",71,71,164,883,8,550,126,236
"background",72,72,169,875,8,511,127,222
"background",73,73,157,815,17,649,76,185
"background",74,74,169,763,11,533,109,177
"background",75,75,166,947,11,652,100,263
"background",76,76,163,761,2,445,153,192
"background",77,77,170,776,5,645,120,278
"background",78,78,159,759,1,446,157,197
"background",79,79,176,859,10,586,100,246
"background",80,80,158,900,11,514,122,210
"background",81,81,156,754,14,601,71,212
"background",82,82,166,910,9,635,111,266
"background",83,83,160,720,15,609,76,220
"background",84,84,171,666,6,719,125,298
"background",85,85,168,911,18,526,111,207
"background",86,86,164,712,3,467,150,203
"background",87,87,169,830,6,525,129,231
"background",88,88,169,667,7,808,113,330
"background",89,89,170,651,6,754,122,306
"background",90,90,171,667,6,773,116,325
"background",91,91,164,722,3,469,147,178
"background",92,92,167,766,5,500,139,221
"background",93,93,172,952,15,539,108,216
"background",94,94,174,830,10,520,115,221
"background",95,95,171,681,8,655,131,269
"background",96,96,170,725,20,651,91,315
"background",97,97,152,749,5,281,180,123
"background",98,98,163,759,8,758,89,295
"background",99,99,139,900,26,784,70,259
"background",100,100,171,876,12,516,115,213
"background",101,101,159,833,5,411,150,182
"background",102,102,160,927,14,696,88,263
"background",103,103,157,722,14,593,71,209
"background",104,104,171,686,7,713,125,295
"background",105,105,168,676,5,576,138,233
"background",106,106,170,782,6,727,109,306
"background",107,107,174,854,7,671,106,284
"background",108,108,160,878,18,625,80,195
"background",109,109,172,834,7,649,113,276
"background",110,110,174,947,16,554,104,218
"background",111,111,168,722,4,535,138,234
"background",112,112,163,900,10,527,121,221
"background",113,113,177,863,8,603,105,256
"background",114,114,169,686,5,570,139,227
"background",115,115,174,734,8,699,112,298
"background",116,116,162,814,5,434,147,194
"background",117,117,156,871,11,485,125,198
"background",118,118,163,724,2,515,146,207
"background",119,119,157,810,15,577,72,214
"background",120,120,151,842,8,452,134,188
"background",121,121,164,772,4,459,148,205
"background",122,122,168,674,5,608,137,236
"background",123,123,173,731,6,693,115,298
"background",124,124,158,769,1,461,156,201
"background",125,125,161,786,14,567,77,220
"background",126,126,158,758,1,446,158,192
"background",127,127,164,718,2,480,148,202
"background",128,128,164,913,11,539,117,223
"background",129,129,170,673,8,612,136,246
"background",130,130,173,764,6,686,114,296
"background",131,131,173,783,6,603,119,262
"background",132,132,163,726,2,489,149,205
"background",133,133,161,748,2,441,155,195
"background",134,134,169,830,6,551,128,239
"background",135,135,174,985,20,588,97,223
"background",136,136,162,856,7,478,136,208
"background",137,137,161,912,13,537,114,215
"background",138,138,173,737,7,617,122,267
"background",139,139,166,692,4,495,144,194
"background",140,140,172,722,16,704,98,358
"background",141,141,168,713,4,495,144,212
"background",142,142,169,721,5,547,139,232
"background",143,143,171,663,21,801,99,413
"background",144,144,169,812,7,465,136,204
"background",145,145,164,761,3,473,148,209
"background",146,146,172,863,9,506,123,217
"background",147,147,148,763,4,311,169,136
"background",148,148,163,730,2,463,151,197
"background",149,149,165,972,14,651,94,252
"background",150,150,165,744,4,458,149,203
"background",151,151,154,795,18,621,69,182
"background",152,152,152,826,19,675,71,191
"background",153,153,162,923,12,546,114,222
"background",154,154,159,794,10,406,143,170
"background",155,155,149,790,19,675,65,186
"background",156,156,140,891,25,778,71,259
"background",157,157,168,790,6,450,142,199
"background",158,158,176,818,8,598,108,256
"background",159,159,144,776,22,749,60,203
"background",160,160,170,806,14,512,108,186
"background",161,161,173,830,9,507,121,218
"background",162,162,170,758,6,492,135,216
"background",163,163,163,812,4,465,147,207
"background",164,164,172,714,6,754,114,320
"background",165,165,156,689,15,621,70,215
"background",166,166,166,692,3,488,146,206
"background",167,167,152,830,6,386,151,167
"background",168,168,163,763,14,555,79,224
"background",169,169,150,780,18,678,67,179
"background",170,170,166,790,5,454,143,202
"background",171,171,170,826,9,482,126,208
"background",172,172,167,692,5,518,143,197
"background",173,173,151,823,9,448,135,184
"background",174,174,163,833,6,467,141,206
"background",175,175,163,874,19,608,81,196
"background",176,176,169,745,4,587,130,256
"background",177,177,168,686,4,529,141,225
"background",178,178,170,884,18,507,112,199
"background",179,179,152,866,9,478,129,196
"background",180,180,172,765,7,539,130,235
"background",181,181,160,731,1,476,153,195
"background",182,182,160,903,13,498,121,202
"background",183,183,162,736,2,444,154,196
"background",184,184,166,685,4,485,145,184
"background",185,185,151,784,18,618,66,174
"background",186,186,157,709,10,325,171,133
"background",187,187,160,738,1,446,156,196
"background",188,188,166,744,3,483,146,210
"background",189,189,164,757,15,555,80,231
"background",190,190,158,720,14,588,73,210
"background",191,191,164,758,3,448,152,198
"background",192,192,173,676,12,774,119,317
"background",193,193,163,885,13,492,122,203
"background",194,194,169,914,17,536,109,212
"background",195,195,170,673,7,578,141,223
"background",196,196,163,768,3,423,154,191
"background",197,197,160,761,2,440,156,193
"background",198,198,162,723,17,581,79,243
"background",199,199,166,800,5,518,137,228
"background",200,200,168,691,19,634,88,297
"background",201,201,152,758,5,309,171,135
"background",202,202,167,822,9,727,95,290
"background",203,203,174,688,12,797,112,328
"background",204,204,157,914,15,727,83,268
"background",205,205,166,707,3,486,145,190
"background",206,206,163,719,2,481,149,201
"background",207,207,173,890,8,677,103,283
"background",208,208,154,796,15,620,71,215
"background",209,209,162,742,14,385,151,153
"background",210,210,168,723,16,592,92,231
"background",211,211,164,771,3,457,148,205
"background",212,212,168,865,8,545,124,235
"background",213,213,166,697,3,465,146,177
"background",214,214,171,836,8,493,128,214
"background",215,215,160,826,13,442,132,180
"background",216,216,166,702,3,452,146,169
"background",217,217,169,742,13,573,94,235
"background",218,218,174,729,10,690,111,290
"background",219,219,168,783,14,568,92,233
"background",220,220,172,777,6,730,108,310
"background",221,221,175,855,11,523,110,219
"background",222,222,163,860,14,464,126,188
"background",223,223,164,945,12,642,98,254
"background",224,224,168,679,5,540,143,204
"background",225,225,162,756,14,447,136,164
"background",226,226,160,770,2,429,158,190
"background",227,227,153,802,16,637,69,217
"background",228,228,167,678,4,585,138,234
"background",229,229,171,906,11,528,117,222
"background",230,230,172,898,19,570,91,208
"background",231,231,172,853,9,500,122,214
"background",232,232,166,887,14,498,120,204
"background",233,233,161,738,13,424,146,155
"background",234,234,162,828,14,433,134,177
"background",235,235,173,671,14,820,113,334
"background",236,236,168,856,10,665,105,272
"background",237,237,159,824,17,635,79,187
"background",238,238,170,678,7,655,132,264
"background",239,239,173,830,8,516,122,223
"background",240,240,167,903,13,531,115,218
"background",241,241,162,714,2,501,148,206
"background",242,242,165,861,9,562,122,239
"background",243,243,166,773,6,436,146,195
"background",244,244,167,750,4,490,143,216
"background",245,245,165,865,15,470,125,192
"background",246,246,155,819,9,410,142,172
"background",247,247,173,696,8,727,119,307
"background",248,248,170,671,7,635,134,253
"background",249,249,159,754,1,412,162,184
"background",250,250,159,751,1,473,154,193
"background",251,251,171,667,6,782,117,325
"background",252,252,171,908,11,515,117,216
"background",253,253,173,851,10,503,119,213
"background",254,254,156,796,8,364,154,155
"background",255,255,171,764,6,522,131,228
"background",256,256,154,789,16,643,71,222
"background",257,257,162,795,13,410,140,169
"background",258,258,169,797,12,496,115,179
"background",259,259,160,748,1,473,152,197
"background",260,260,173,653,9,759,120,315
"background",261,261,165,857,7,541,129,235
"background",262,262,165,890,13,490,122,202
"background",263,263,164,740,2,462,150,198
"background",264,264,169,661,5,715,124,295
"background",265,265,164,729,3,460,150,202
"background",266,266,164,861,8,511,129,220
"background",267,267,169,828,17,488,116,188
"background",268,268,154,832,16,602,70,210
"background",269,269,157,772,10,382,149,160
"background",270,270,160,734,2,485,151,200
"background",271,271,172,741,7,741,107,313
"background",272,272,173,937,14,541,109,219
"background",273,273,164,807,5,462,145,206
"background",274,274,175,758,9,652,110,276
"background",275,275,169,678,6,732,125,292
"background",276,276,172,745,7,568,126,247
"background",277,277,157,771,1,460,156,191
"background",278,278,172,680,18,869,103,461
"background",279,279,161,832,12,723,83,268
"background",280,280,169,743,7,726,109,302
"background",281,281,171,895,19,520,108,202
"background",282,282,160,742,1,479,152,191
"background",283,283,164,773,14,456,132,167
"background",284,284,162,745,14,552,77,217
"background",285,285,163,915,12,529,116,216
"background",286,286,160,744,1,458,155,196
"background",287,287,159,891,19,630,78,197
"background",288,288,167,766,4,501,140,222
"background",289,289,165,762,4,457,149,203
"background",290,290,158,753,1,472,155,193
"background",291,291,162,774,14,404,143,164
"background",292,292,161,744,13,370,156,149
"background",293,293,142,888,24,765,72,257
"background",294,294,165,735,3,458,149,203
"background",295,295,161,843,5,435,147,192
"background",296,296,170,935,20,575,95,208
"background",297,297,168,682,5,574,139,222
"background",298,298,172,862,11,509,118,215
"background",299,299,164,707,3,649,136,261
"background",300,300,170,744,20,647,91,311
"background",301,301,173,793,7,547,124,238
"background",302,302,167,820,7,474,137,209
"background",303,303,172,674,8,703,125,292
"background",304,304,169,815,8,469,131,204
"background",305,305,157,799,9,377,150,160
"background",306,306,159,875,12,507,121,206
"background",307,307,166,874,14,484,122,199
"background",308,308,168,685,6,523,144,200
"background",309,309,176,819,9,608,105,259
"background",310,310,169,914,15,523,114,212
"background",311,311,161,854,17,616,81,189
"background",312,312,168,671,6,582,139,222
"background",313,313,168,963,13,606,103,243
"background",314,314,161,741,2,477,152,193
"background",315,315,161,832,13,438,133,179
"background",316,316,158,746,1,448,158,192
"background",317,317,175,822,7,579,113,250
"background",318,318,169,722,5,595,132,256
"background",319,319,166,758,4,484,144,214
"background",320,320,157,773,1,442,159,189
"background",321,321,163,712,2,451,152,194
"background",322,322,169,662,5,623,134,257
"background",323,323,164,739,16,565,80,239
"background",324,324,173,689,17,747,100,386
"background",325,325,174,794,7,587,117,255
"background",326,326,168,775,5,508,138,225
"background",327,327,165,694,3,522,143,219
"background",328,328,173,655,14,798,118,323
"background",329,329,168,828,7,474,135,208
"background",330,330,162,753,13,444,140,159
"background",331,331,175,922,16,558,102,220
"background",332,332,174,779,6,616,118,268
"background",333,333,162,707,2,522,146,211
"background",334,334,170,852,8,503,125,217
"background",335,335,172,832,7,537,123,234
"background",336,336,176,853,11,537,105,224
"background",337,337,168,782,6,460,140,203
"background",338,338,162,720,2,462,151,181
"background",339,339,173,735,7,617,120,267
"background",340,340,165,715,3,461,149,199
"background",341,341,160,851,17,603,76,186
"background",342,342,165,796,5,438,148,196
"background",343,343,165,802,17,431,135,172
"background",344,344,165,783,15,426,138,166
"background",345,345,165,945,12,564,111,230
"background",346,346,166,948,13,567,109,231
"background",347,347,161,741,2,476,152,203
"background",348,348,162,804,4,418,154,188
"background",349,349,159,907,13,537,115,215
"background",350,350,161,740,15,602,78,222
"background",351,351,162,774,16,570,77,233
"background",352,352,171,704,5,622,129,267
"background",353,353,159,746,1,465,155,187
"background",354,354,162,910,11,523,121,217
"background",355,355,166,708,3,507,144,209
"background",356,356,173,862,11,509,115,213
"background",357,357,162,717,2,482,150,192
"background",358,358,169,807,13,485,117,182
"background",359,359,159,868,10,488,128,203
"background",360,360,157,792,9,384,148,162
"background",361,361,162,868,8,473,134,205
"background",362,362,172,977,20,576,99,218
"background",363,363,160,854,8,449,138,193
"background",364,364,157,759,1,462,157,196
"background",365,365,160,737,1,464,154,198
"background",366,366,159,865,9,489,129,205
"background",367,367,165,701,3,494,146,204
"background",368,368,149,831,5,374,153,160
"background",369,369,175,767,10,645,105,271
"background",370,370,152,824,20,675,69,196
"background",371,371,163,899,13,517,118,211
"background",372,372,162,854,13,466,127,191
"background",373,373,164,801,5,443,147,198
"background",374,374,167,742,15,582,89,230
"background",375,375,172,676,8,677,129,279
"background",376,376,166,687,16,573,84,252
"background",377,377,161,750,2,433,156,191
"background",378,378,162,731,2,437,155,190
"background",379,379,158,756,1,468,155,191
"background",380,380,166,684,4,522,142,207
"background",381,381,164,780,4,425,151,191
"background",382,382,165,724,3,467,148,202
"background",383,383,159,716,13,364,161,142
"background",384,384,167,849,17,473,122,188
"background",385,385,156,734,15,623,71,216
"background",386,386,164,768,3,448,151,199
"background",387,387,150,824,6,388,150,167
"background",388,388,163,725,2,455,152,198
"background",389,389,168,718,4,508,142,219
"background",390,390,174,727,8,630,118,270
"background",391,391,162,759,2,451,154,198
"background",392,392,152,812,18,638,69,181
"background",393,393,146,762,21,737,63,196
"background",394,394,173,663,11,725,126,295
"background",395,395,159,765,1,443,157,196
"background",396,396,146,741,2,250,188,112
"background",397,397,169,819,8,477,131,208
"background",398,398,160,822,6,430,146,190
"background",399,399,161,734,15,604,78,221
"background",400,400,169,671,5,604,135,247
"background",401,401,172,832,7,514,125,224
"background",402,402,171,950,21,564,100,212
"background",403,403,160,736,1,472,153,191
"background",404,404,164,743,3,460,150,202
"background",405,405,176,819,9,622,105,263
"background",406,406,165,716,3,490,145,191
"background",407,407,176,848,10,553,103,232
"background",408,408,161,742,2,477,151,205
"background",409,409,164,702,3,531,143,207
"background",410,410,159,745,1,469,154,198
"background",411,411,161,828,11,738,84,278
"background",412,412,167,829,7,544,129,236
"background",413,413,157,733,9,328,169,137
"background",414,414,171,671,7,688,128,282
"background",415,415,171,835,7,584,119,252
"background",416,416,170,904,9,539,119,230
"background",417,417,158,753,18,600,74,239
"background",418,418,164,751,3,447,151,198
"background",419,419,166,810,7,469,137,207
"background",420,420,175,778,8,608,112,261
"background",421,421,166,710,3,469,148,202
"background",422,422,159,758,1,479,153,209
"background",423,423,154,779,7,334,163,144
"background",424,424,165,711,3,447,148,169
"background",425,425,176,856,8,599,109,256
"background",426,426,170,652,7,654,133,262
"background",427,427,145,771,22,733,61,197
"background",428,428,152,796,17,616,68,171
"background",429,429,163,915,12,632,103,252
"background",430,430,173,690,8,756,113,319
"background",431,431,173,987,21,582,96,218
"background",432,432,166,686,4,489,146,208
"background",433,433,161,777,15,604,80,225
"background",434,434,170,719,5,622,127,269
"background",435,435,160,840,12,450,132,186
"background",436,436,176,883,13,574,96,233
"background",437,437,161,762,14,556,77,214
"background",438,438,171,928,13,520,114,214
"background",439,439,159,722,1,478,153,197
"background",440,440,162,745,2,442,154,195
"background",441,441,156,832,14,593,72,214
"background",442,442,170,877,10,514,121,220
"background",443,443,174,835,8,553,117,239
"background",444,444,169,877,8,586,118,251
"background",445,445,173,896,20,567,91,214
"background",446,446,169,869,9,538,122,231
"background",447,447,164,791,3,494,144,219
"background",448,448,161,866,12,449,131,186
"background",449,449,167,886,10,624,111,260
"background",450,450,168,685,5,575,139,225
"background",451,451,174,775,6,686,111,294
"background",452,452,158,775,1,435,160,193
"background",453,453,150,828,7,411,144,173
"background",454,454,167,905,19,567,94,198
"background",455,455,168,692,5,530,142,203
"background",456,456,170,647,8,624,136,246
"background",457,457,169,656,6,741,123,302
"background",458,458,166,699,4,518,142,214
"background",459,459,170,952,12,582,108,239
"background",460,460,173,692,6,729,116,312
"background",461,461,173,834,6,616,115,267
"background",462,462,167,858,17,566,93,189
"background",463,463,173,866,10,511,116,217
"background",464,464,166,713,3,480,146,208
"background",465,465,173,988,19,581,99,223
"background",466,466,153,888,12,525,118,208
"background",467,467,173,726,6,723,112,309
"background",468,468,158,762,1,458,156,194
"background",469,469,174,743,8,679,112,289
"background",470,470,161,739,2,469,151,186
"background",471,471,160,768,2,437,156,193
"background",472,472,165,750,4,469,147,206
"background",473,473,173,729,6,649,119,281
"background",474,474,164,784,14,467,129,168
"background",475,475,166,797,15,479,122,177
"background",476,476,175,735,10,679,110,286
"background",477,477,164,703,4,748,130,297
"background",478,478,166,965,13,620,99,245
"background",479,479,166,711,3,515,143,204
"background",480,480,165,737,3,476,148,206
"background",481,481,163,869,14,465,127,191
"background",482,482,162,864,7,483,136,210
"background",483,483,170,653,8,655,134,254
"background",484,484,161,890,12,476,126,195
"background",485,485,161,742,3,635,141,249
"background",486,486,161,945,15,674,89,252
"background",487,487,166,785,4,483,143,215
"background",488,488,144,754,22,732,60,202
"background",489,489,165,735,3,457,149,202
"background",490,490,163,730,2,539,145,207
"background",491,491,164,707,3,469,149,205
"background",492,492,152,729,5,282,180,123
"background",493,493,161,756,13,393,146,161
"background",494,494,172,691,7,752,117,317
"background",495,495,162,719,2,490,149,207
"background",496,496,158,787,1,408,163,182
"background",497,497,167,830,6,487,135,215
"background",498,498,152,787,17,613,67,171
"background",499,499,174,729,11,713,109,297
"background",500,500,149,738,3,250,190,111
"background",501,501,155,855,7,426,142,181
"background",502,502,159,744,1,460,155,187
"background",503,503,162,882,13,506,119,205
"background",504,504,158,940,15,681,88,254
"background",505,505,160,793,12,390,147,161
"background",506,506,163,774,4,415,154,187
"background",507,507,169,921,19,542,107,210
"background",508,508,158,817,11,409,141,170
"background",509,509,166,925,13,540,115,222
"background",510,510,170,880,9,535,120,229
"background",511,511,175,786,9,635,109,271
"background",512,512,161,754,13,372,155,150
"background",513,513,166,868,8,576,121,246
"background",514,514,166,709,4,458,147,169
"background",515,515,167,777,6,442,143,196
"background",516,516,169,763,13,567,96,234
"background",517,517,173,683,9,743,118,312
"background",518,518,163,847,5,476,141,210
"background",519,519,162,798,4,429,152,192
"background",520,520,169,790,11,527,110,178
"background",521,521,167,694,8,755,109,306
"background",522,522,159,748,1,422,160,186
"background",523,523,159,765,1,464,155,193
"background",524,524,165,781,15,449,130,172
"background",525,525,165,678,8,779,97,309
"background",526,526,168,830,10,711,91,279
"background",527,527,167,882,16,487,120,197
"background",528,528,156,796,14,616,73,217
"background",529,529,152,824,6,399,147,170
"background",530,530,172,682,7,715,123,300
"background",531,531,148,806,4,331,163,144
"background",532,532,169,674,7,710,129,277
"background",533,533,177,879,8,600,105,254
"background",534,534,168,735,4,576,134,250
"background",535,535,172,676,10,695,129,283
"background",536,536,169,867,19,508,111,195
"background",537,537,169,839,9,486,127,210
"background",538,538,159,753,1,460,155,195
"background",539,539,146,780,3,294,174,130
"background",540,540,168,832,6,535,129,235
"background",541,541,161,892,11,505,122,208
"background",542,542,167,857,7,495,132,216
"background",543,543,167,775,14,455,129,173
"background",544,544,165,788,4,463,148,206
"background",545,545,175,919,13,528,105,216
"background",546,546,169,661,6,574,140,222
"background",547,547,170,809,8,474,131,206
"background",548,548,172,871,20,577,90,216
"background",549,549,173,828,6,583,120,253
"background",550,550,170,791,6,511,132,225
"background",551,551,164,768,4,473,146,211
"background",552,552,176,885,13,535,103,218
"background",553,553,175,787,8,607,111,261
"background",554,554,168,867,18,502,114,198
"background",555,555,159,744,1,476,153,198
"background",556,556,161,740,2,493,149,212
"background",557,557,161,737,2,481,151,200
"background",558,558,167,830,6,528,130,231
"background",559,559,164,730,3,487,147,206
"background",560,560,165,701,3,515,144,214
"background",561,561,174,715,8,730,113,310
"background",562,562,161,783,3,407,157,184
"background",563,563,174,729,7,710,113,303
"background",564,564,168,760,11,496,122,173
"background",565,565,166,822,17,454,127,178
"background",566,566,161,829,5,422,150,188
"background",567,567,147,780,4,307,170,135
"background",568,568,164,718,2,491,147,203
"background",569,569,174,748,8,733,110,310
"background",570,570,166,702,4,504,144,210
"background",571,571,148,763,4,311,169,137
"background",572,572,165,709,3,468,147,180
"background",573,573,171,861,10,508,121,216
"background",574,574,169,748,6,704,115,297
"background",575,575,175,881,8,587,111,251
"background",576,576,164,722,3,457,151,197
"background",577,577,172,924,13,532,112,218
"background",578,578,173,708,7,716,114,306
"background",579,579,160,727,13,554,75,208
"background",580,580,174,734,7,672,116,289
"background",581,581,152,902,14,585,108,225
"background",582,582,149,838,5,366,155,158
"background",583,583,153,828,8,426,139,179
"background",584,584,169,812,7,487,131,213
"background",585,585,160,762,2,505,149,218
"background",586,586,158,736,1,457,157,191
"background",587,587,161,761,14,569,76,215
"background",588,588,159,761,1,467,155,203
"background",589,589,172,686,7,710,123,298
"background",590,590,162,818,13,421,138,173
"background",591,591,158,746,1,468,155,196
"background",592,592,172,695,7,748,116,317
"background",593,593,165,697,3,486,146,205
"background",594,594,160,734,1,468,153,189
"background",595,595,172,851,7,600,116,258
"background",596,596,173,838,7,550,121,240
"background",597,597,153,824,15,610,70,211
"background",598,598,167,700,4,546,140,227
"background",599,599,167,680,5,497,145,186
"background",600,600,171,916,19,542,105,210
"background",601,601,160,734,2,486,151,198
"background",602,602,160,843,7,446,140,194
"background",603,603,168,819,16,499,114,184
"background",604,604,167,935,11,600,108,247
"background",605,605,162,720,2,492,149,204
"background",606,606,167,697,4,511,143,216
"background",607,607,169,804,13,537,104,182
"background",608,608,174,703,11,769,110,319
"background",609,609,172,693,6,768,115,325
"background",610,610,161,909,14,533,115,211
"background",611,611,171,819,8,487,128,211
"background",612,612,164,845,14,458,128,189
"background",613,613,170,749,8,762,102,314
"background",614,614,173,699,16,836,103,441
"background",615,615,154,849,9,435,137,181
"background",616,616,166,740,4,462,147,205
"background",617,617,174,741,8,628,115,269
"background",618,618,165,707,3,528,143,203
"background",619,619,167,730,15,585,89,229
"background",620,620,168,948,14,560,110,228
"background",621,621,147,915,20,686,86,241
"background",622,622,161,771,2,490,150,193
"background",623,623,149,772,19,700,65,186
"background",624,624,164,719,2,494,146,206
"background",625,625,163,734,2,551,144,213
"background",626,626,170,948,12,560,111,231
"background",627,627,165,707,3,498,145,203
"background",628,628,168,685,4,614,135,252
"background",629,629,163,733,2,463,150,202
"background",630,630,164,796,4,453,148,203
"background",631,631,164,852,13,474,125,195
"background",632,632,160,746,12,373,154,151
"background",633,633,173,802,7,710,108,301
"background",634,634,170,700,6,683,123,289
"background",635,635,169,899,18,507,112,199
"background",636,636,164,770,3,476,146,213
"background",637,637,160,767,1,481,152,207
"background",638,638,169,904,10,613,112,258
"background",639,639,168,691,4,523,140,225
"background",640,640,167,684,18,605,86,273
"background",641,641,163,754,3,452,152,201
"background",642,642,164,761,16,566,80,240
"background",643,643,166,697,3,510,143,208
"background",644,644,176,842,9,574,102,242
"background",645,645,171,807,7,511,128,223
"background",646,646,163,820,14,423,137,173
"background",647,647,174,737,11,731,108,305
"background",648,648,162,724,2,492,149,206
"background",649,649,157,777,1,436,160,193
"background",650,650,164,725,3,583,142,223
"background",651,651,174,738,6,631,118,273
"background",652,652,162,808,15,563,78,223
"background",653,653,172,683,7,724,120,306
"background",654,654,160,885,11,514,121,211
"background",655,655,155,867,11,487,125,198
"background",656,656,166,742,4,479,146,209
"background",657,657,168,794,13,476,124,175
"background",658,658,160,923,13,734,85,279
"background",659,659,153,910,17,626,97,232
"background",660,660,165,696,3,505,144,202
"background",661,661,164,745,3,462,150,201
"background",662,662,159,752,11,359,158,147
"background",663,663,162,799,15,562,78,226
"background",664,664,167,723,4,527,141,221
"background",665,665,166,795,16,581,89,233
"background",666,666,150,719,4,257,188,114
"background",667,667,170,864,18,535,99,193
"background",668,668,168,751,4,496,141,219
"background",669,669,151,878,10,480,127,195
"background",670,670,166,780,9,742,93,293
"background",671,671,156,800,16,649,74,231
"background",672,672,150,754,4,274,181,121
"background",673,673,164,854,8,530,126,227
"background",674,674,144,720,2,227,196,102
"background",675,675,173,755,6,717,110,306
"background",676,676,160,777,2,480,152,209
"background",677,677,159,769,11,373,152,155
"background",678,678,164,913,13,517,118,211
"background",679,679,164,712,3,487,147,200
"background",680,680,157,791,18,605,72,187
"background",681,681,165,821,5,517,135,228
"background",682,682,165,731,3,470,148,206
"background",683,683,168,793,12,496,118,175
"background",684,684,164,729,2,536,143,212
"background",685,685,169,732,14,588,97,237
"background",686,686,170,855,8,511,125,221
"background",687,687,165,923,10,605,110,251
"background",688,688,168,810,6,540,132,236
"background",689,689,174,811,7,689,107,292
"background",690,690,167,729,4,496,144,215
"background",691,691,174,697,9,753,111,315
"background",692,692,171,673,8,625,135,254
"background",693,693,167,680,5,655,130,261
"background",694,694,176,813,8,603,109,259
"background",695,695,148,890,17,639,96,234
"background",696,696,170,927,14,535,113,217
"background",697,697,159,875,12,498,122,201
"background",698,698,173,693,7,717,117,306
"background",699,699,159,759,1,466,155,205
"background",700,700,154,790,7,359,156,154
"background",701,701,157,892,11,520,121,211
"background",702,702,164,719,2,503,146,206
"background",703,703,170,969,20,589,93,212
"background",704,704,156,825,9,417,141,175
"background",705,705,164,719,3,523,144,212
"background",706,706,161,755,2,454,154,197
"background",707,707,166,777,5,459,143,204
"background",708,708,167,876,14,505,118,207
"background",709,709,174,758,7,584,121,254
"background",710,710,160,839,12,434,135,180
"background",711,711,168,934,14,547,111,222
"background",712,712,165,840,19,601,82,204
"background",713,713,160,754,2,469,153,201
"background",714,714,161,735,2,443,155,192
"background",715,715,163,877,13,480,124,196
"background",716,716,170,827,15,491,114,187
"background",717,717,168,927,11,585,111,243
"background",718,718,169,938,14,528,114,216
"background",719,719,166,797,16,575,91,233
"background",720,720,163,705,2,464,151,196
"background",721,721,171,895,12,524,116,218
"background",722,722,155,796,15,624,72,218
"background",723,723,164,705,3,641,138,247
"background",724,724,164,840,15,448,130,183
"background",725,725,172,747,6,743,110,316
"background",726,726,167,837,17,472,122,188
"background",727,727,165,771,5,447,146,199
"background",728,728,154,861,8,449,136,189
"background",729,729,169,706,13,596,106,241
"background",730,730,168,920,14,509,117,208
"background",731,731,169,649,7,635,136,246
"background",732,732,168,790,6,482,137,213
"background",733,733,169,719,5,701,120,299
"background",734,734,173,684,9,742,118,311
"background",735,735,150,794,18,650,67,177
"background",736,736,159,770,1,455,156,201
"background",737,737,160,751,1,463,154,196
"background",738,738,171,908,9,537,118,229
"background",739,739,168,710,5,527,142,209
"background",740,740,165,668,6,815,113,321
"background",741,741,171,835,10,499,121,211
"background",742,742,172,699,19,774,98,400
"background",743,743,170,851,11,697,99,284
"background",744,744,172,985,21,587,96,218
"background",745,745,166,918,13,522,117,215
"background",746,746,157,712,12,349,169,135
"background",747,747,157,885,12,489,124,198
"background",748,748,162,849,6,475,141,208
"background",749,749,165,892,12,546,114,224
"background",750,750,172,810,6,548,126,240
"background",751,751,162,859,14,466,126,189
"background",752,752,169,930,13,551,112,226
"background",753,753,167,815,6,467,138,207
"background",754,754,163,747,2,451,152,198
"background",755,755,175,848,9,545,111,232
"background",756,756,158,718,14,573,73,206
"background",757,757,166,744,4,470,145,209
"background",758,758,160,731,2,502,149,217
"background",759,759,165,710,3,473,148,202
"background",760,760,166,821,10,728,90,283
"background",761,761,148,806,20,697,66,194
"background",762,762,149,820,6,371,153,159
"background",763,763,165,908,13,507,119,209
"background",764,764,159,787,14,580,75,215
"background",765,765,169,832,7,495,130,217
"background",766,766,164,787,16,566,79,183
"background",767,767,168,856,19,588,85,206
"background",768,768,163,711,2,524,145,214
"background",769,769,163,718,2,502,147,207
"background",770,770,168,961,13,577,108,235
"background",771,771,176,837,9,588,105,250
"background",772,772,164,794,4,495,143,220
"background",773,773,162,860,9,497,128,211
"background",774,774,167,788,6,451,141,200
"background",775,775,158,751,1,443,159,194
"background",776,776,163,826,14,452,130,185
"background",777,777,173,670,9,727,122,302
"background",778,778,162,756,2,446,153,193
"background",779,779,168,906,10,616,111,258
"background",780,780,170,772,6,481,137,213
"background",781,781,173,955,21,574,96,215
"background",782,782,167,724,4,518,141,224
"background",783,783,166,788,13,452,131,170
"background",784,784,159,861,12,475,126,193
"background",785,785,169,911,20,583,91,208
"background",786,786,153,801,7,372,153,159
"background",787,787,172,831,9,497,123,213
"background",788,788,161,878,9,477,131,203
"background",789,789,158,788,18,608,74,189
"background",790,790,157,709,10,320,176,129
"background",791,791,169,796,8,463,135,202
"background",792,792,159,829,5,416,151,184
"background",793,793,162,716,2,481,150,194
"background",794,794,165,892,14,479,124,197
"background",795,795,163,940,13,563,110,226
"background",796,796,158,739,1,455,156,195
"background",797,797,159,804,15,618,77,225
"background",798,798,160,885,12,504,121,205
"background",799,799,164,840,10,727,88,280
"background",800,800,174,790,7,597,117,259
"background",801,801,159,826,12,417,138,171
"background",802,802,174,881,8,668,105,281
"background",803,803,172,679,7,675,128,280
"background",804,804,155,757,8,337,162,144
"background",805,805,162,752,2,459,152,201
"background",806,806,160,805,13,426,136,173
"background",807,807,171,957,20,577,96,213
"background",808,808,167,692,4,498,144,213
"background",809,809,167,825,16,488,118,182
"background",810,810,160,763,11,365,155,151
"background",811,811,159,761,1,454,156,194
"background",812,812,168,787,20,608,87,221
"background",813,813,164,690,3,494,146,201
"background",814,814,175,757,11,673,103,280
"background",815,815,166,800,5,493,141,219
"background",816,816,173,685,8,758,117,317
"background",817,817,174,716,12,744,111,393
"background",818,818,176,844,9,560,107,238
"background",819,819,169,827,15,543,100,184
"background",820,820,174,746,10,733,104,304
"background",821,821,164,754,3,447,151,198
"background",822,822,152,866,12,532,117,210
"background",823,823,160,756,2,426,158,189
"background",824,824,169,674,6,665,133,259
"background",825,825,155,848,19,650,73,192
"background",826,826,158,751,1,452,157,193
"background",827,827,162,876,18,610,84,195
"background",828,828,165,707,3,558,141,223
"background",829,829,172,868,9,689,101,285
"background",830,830,175,838,10,537,109,226
"background",831,831,164,774,4,449,148,202
"background",832,832,167,696,17,585,85,263
"background",833,833,160,740,2,475,152,190
"background",834,834,174,723,9,641,117,273
"background",835,835,164,796,4,524,139,231
"background",836,836,156,813,16,642,74,228
"background",837,837,161,827,6,431,144,190
"background",838,838,155,810,17,613,72,178
"background",839,839,155,808,15,590,71,211
"background",840,840,163,786,4,419,153,188
"background",841,841,163,759,15,409,143,160
"background",842,842,170,674,7,696,130,274
"background",843,843,173,658,11,760,121,312
"background",844,844,166,710,3,469,146,181
"background",845,845,163,769,3,455,149,203
"background",846,846,160,849,6,419,147,185
"background",847,847,158,761,1,450,157,195
"background",848,848,170,881,9,650,107,270
"background",849,849,167,684,4,507,143,200
"background",850,850,171,952,19,558,103,216
"background",851,851,170,844,6,645,116,277
"background",852,852,161,908,12,714,91,277
"background",853,853,156,730,15,621,71,216
"background",854,854,176,837,9,596,105,254
"background",855,855,159,761,1,467,154,192
"background",856,856,160,845,8,454,137,196
"background",857,857,167,890,18,501,115,198
"background",858,858,166,912,14,511,119,210
"background",859,859,176,820,8,606,109,260
"background",860,860,159,824,14,580,74,217
"background",861,861,161,724,2,487,150,201
"background",862,862,170,870,18,531,102,194
"background",863,863,169,666,7,700,129,276
"background",864,864,170,861,19,515,108,198
"background",865,865,176,871,13,554,98,224
"background",866,866,165,706,3,505,144,200
"background",867,867,168,686,4,519,142,221
"background",868,868,176,867,8,574,110,246
"background",869,869,170,819,6,606,121,262
"background",870,870,164,764,4,445,150,199
"background",871,871,163,755,14,557,79,221
"background",872,872,165,913,19,607,85,201
"background",873,873,166,776,14,439,134,169
"background",874,874,159,928,14,723,86,272
"background",875,875,162,740,2,479,150,204
"background",876,876,164,761,15,560,80,232
"background",877,877,170,887,19,512,109,196
"background",878,878,169,685,7,553,143,212
"background",879,879,158,734,17,575,74,225
"background",880,880,174,690,10,764,113,402
"background",881,881,174,829,15,599,95,240
"background",882,882,164,713,3,544,143,212
"background",883,883,165,745,16,564,82,242
"background",884,884,167,923,14,519,116,213
"background",885,885,173,919,20,561,95,212
"background",886,886,162,912,12,529,116,216
"background",887,887,170,678,7,696,129,280
"background",888,888,143,902,23,738,77,251
"background",889,889,159,753,1,420,160,186
"background",890,890,173,695,7,721,118,306
"background",891,891,173,722,7,725,115,310
"background",892,892,176,851,9,579,106,246
"background",893,893,165,700,3,498,145,208
"background",894,894,170,940,13,542,112,222
"background",895,895,161,724,2,487,150,198
"background",896,896,161,797,4,421,153,189
"background",897,897,169,950,20,595,89,208
"background",898,898,159,737,12,356,161,143
"background",899,899,164,942,13,600,105,240
"background",900,900,155,904,12,515,119,207
"background",901,901,161,723,2,452,154,195
"background",902,902,174,724,7,661,116,284
"background",903,903,171,678,7,746,121,311
"background",904,904,173,682,10,759,119,315
"background",905,905,161,880,10,499,125,209
"background",906,906,167,919,13,550,112,225
"background",907,907,173,676,11,782,115,324
"background",908,908,163,776,3,437,153,194
"background",909,909,165,722,3,457,150,202
"background",910,910,170,752,6,500,135,219
"background",911,911,174,807,7,709,106,300
"background",912,912,164,754,3,456,150,195
"background",913,913,168,857,8,512,127,222
"background",914,914,175,862,8,562,113,241
"background",915,915,161,732,2,478,151,204
"background",916,916,168,897,10,565,117,239
"background",917,917,170,647,6,746,122,306
"background",918,918,157,900,12,502,121,204
"background",919,919,174,835,7,676,107,286
"background",920,920,161,734,13,400,150,151
"background",921,921,174,764,8,602,117,260
"background",922,922,168,682,5,591,136,246
"background",923,923,161,732,2,447,154,196
"background",924,924,162,944,14,641,95,246
"background",925,925,169,753,9,755,98,307
"background",926,926,169,812,9,735,99,301
"background",927,927,169,678,5,639,130,268
"background",928,928,166,735,4,472,146,208
"background",929,929,164,738,3,446,151,197
"background",930,930,167,758,4,467,145,207
"background",931,931,164,707,2,472,149,200
"background",932,932,162,854,8,468,136,203
"background",933,933,160,733,2,479,152,206
"background",934,934,145,748,2,233,194,104
"background",935,935,170,810,6,511,132,225
"background",936,936,165,806,17,443,131,177
"background",937,937,157,773,1,403,165,181
"background",938,938,158,750,1,465,156,196
"background",939,939,170,910,11,539,116,226
"background",940,940,174,845,8,538,116,231
"background",941,941,167,673,7,720,118,293
"background",942,942,167,772,5,537,135,236
"background",943,943,170,797,7,650,115,276
"background",944,944,155,876,10,513,124,207
"background",945,945,165,717,3,508,144,204
"background",946,946,165,780,16,564,80,238
"background",947,947,153,826,17,622,69,172
"background",948,948,168,790,6,455,139,201
"background",949,949,167,678,5,668,131,269
"background",950,950,167,692,8,794,99,317
"background",951,951,170,942,11,559,113,233
"background",952,952,163,719,2,462,151,197
"background",953,953,173,693,14,798,108,424
"background",954,954,162,804,4,443,149,198
"background",955,955,147,782,3,285,177,126
"background",956,956,167,709,4,498,144,187
"background",957,957,165,706,3,468,149,199
"background",958,958,162,865,13,473,126,195
"background",959,959,169,841,10,657,107,271
"background",960,960,173,734,7,588,123,255
"background",961,961,163,727,2,478,149,188
"background",962,962,163,732,2,459,152,200
"background",963,963,164,888,13,527,117,216
"background",964,964,166,707,4,487,145,188
"background",965,965,170,938,15,528,112,213
"background",966,966,166,794,14,486,120,177
"background",967,967,152,790,6,353,158,152
"background",968,968,161,879,12,509,120,208
"background",969,969,171,684,7,650,132,264
"background",970,970,173,849,10,512,116,218
"background",971,971,162,716,2,485,148,192
