"species","x","y","bio2","bio4","bio14","bio12","bio6","bio18"
"species",1,1,160,806,16,571,76,225
"species",2,2,154,764,17,600,68,175
"species",3,3,151,792,17,642,68,218
"species",4,4,151,792,17,655,68,223
"species",5,5,150,802,18,666,66,228
"species",6,6,149,780,19,689,65,184
"species",7,7,147,766,20,698,63,190
"species",8,8,147,794,21,726,65,197
"species",9,9,162,900,11,581,111,236
"species",10,10,164,888,10,545,120,229
"species",11,11,158,900,12,511,120,206
"species",12,12,151,882,11,515,121,205
"species",13,13,153,911,16,633,96,236
