"species","x","y","bioclim_soil_samburu.1","bioclim_soil_samburu.8","bioclim_soil_samburu.14","bioclim_soil_samburu.12","bioclim_soil_samburu.6","bioclim_soil_samburu.18"
"background",1,1,226,224,3,649,136,261
"background",2,2,145,149,21,737,63,196
"background",3,3,224,233,13,452,131,170
"background",4,4,245,244,1,457,157,191
"background",5,5,215,223,5,715,124,295
"background",6,6,205,215,14,535,113,217
"background",7,7,222,231,8,493,128,214
"background",8,8,230,238,5,547,139,232
"background",9,9,170,168,9,801,84,294
"background",10,10,244,252,1,458,156,194
"background",11,11,233,241,4,496,141,219
"background",12,12,235,243,5,459,143,204
"background",13,13,211,219,5,701,120,299
"background",14,14,211,219,11,485,125,198
"background",15,15,242,241,1,472,153,191
"background",16,16,227,225,5,608,137,236
"background",17,17,198,208,13,537,100,218
"background",18,18,212,222,10,512,116,218
"background",19,19,204,213,13,550,112,225
"background",20,20,221,230,6,551,128,239
"background",21,21,156,166,19,675,71,191
"background",22,22,233,231,3,515,143,204
"background",23,23,235,242,5,374,153,160
"background",24,24,150,155,19,700,65,186
"background",25,25,207,216,13,517,118,211
"background",26,26,208,217,13,517,118,211
"background",27,27,203,212,6,743,110,316
"background",28,28,221,229,7,675,128,280
"background",29,29,245,244,1,462,157,196
"background",30,30,234,231,5,540,143,204
"background",31,31,200,209,13,577,108,235
"background",32,32,244,242,1,464,155,193
"background",33,33,209,218,14,511,119,210
"background",34,34,175,185,16,564,82,242
"background",35,35,245,253,4,415,154,187
"background",36,36,246,254,1,443,157,196
"background",37,37,233,241,4,508,142,219
"background",38,38,230,239,14,425,140,162
"background",39,39,252,260,1,408,163,182
"background",40,40,201,211,10,553,103,232
"background",41,41,240,248,2,478,151,204
"background",42,42,191,200,14,585,108,225
"background",43,43,227,236,14,439,134,169
"background",44,44,161,166,15,623,71,216
"background",45,45,155,166,17,616,68,171
"background",46,46,186,196,17,566,93,189
"background",47,47,237,245,5,434,147,194
"background",48,48,174,184,15,555,80,231
"background",49,49,237,244,2,502,147,207
"background",50,50,239,237,2,487,150,198
"background",51,51,181,192,20,595,89,208
"background",52,52,171,180,11,738,84,278
"background",53,53,171,182,14,557,79,221
"background",54,54,239,247,2,493,149,212
"background",55,55,168,179,18,625,80,195
"background",56,56,161,167,15,590,71,211
"background",57,57,245,252,1,446,156,196
"background",58,58,226,234,8,449,138,193
"background",59,59,224,232,7,655,132,264
"background",60,60,204,214,8,599,109,256
"background",61,61,239,247,3,469,149,205
"background",62,62,210,219,11,523,121,217
"background",63,63,221,230,13,438,133,179
"background",64,64,205,215,12,744,111,393
"background",65,65,199,208,19,542,107,210
"background",66,66,245,253,2,441,155,195
"background",67,67,215,223,11,760,121,312
"background",68,68,172,182,14,545,79,218
"background",69,69,208,216,12,509,120,208
"background",70,70,214,222,13,480,124,196
"background",71,71,234,241,3,523,144,212
"background",72,72,200,209,8,668,105,281
"background",73,73,234,242,9,384,148,162
"background",74,74,155,166,17,613,67,171
"background",75,75,182,192,15,585,89,229
"background",76,76,262,270,5,281,180,123
"background",77,77,200,209,7,676,107,286
"background",78,78,232,240,4,527,141,221
"background",79,79,233,240,7,578,141,223
"background",80,80,239,247,4,459,148,205
"background",81,81,199,209,13,537,104,182
"background",82,82,222,231,12,434,135,180
"background",83,83,154,164,20,675,69,196
"background",84,84,196,205,19,558,103,216
"background",85,85,235,233,4,487,145,188
"background",86,86,242,250,2,447,152,192
"background",87,87,204,213,6,686,111,294
"background",88,88,241,249,2,463,151,197
"background",89,89,205,215,11,533,109,177
"background",90,90,202,212,19,515,108,198
"background",91,91,229,236,8,612,136,246
"background",92,92,206,215,18,507,112,199
"background",93,93,192,201,11,652,100,263
"background",94,94,171,181,17,616,81,189
"background",95,95,161,166,15,621,70,215
"background",96,96,217,225,9,497,128,211
"background",97,97,241,249,2,455,152,198
"background",98,98,232,240,6,465,140,206
"background",99,99,207,216,8,730,113,310
"background",100,100,243,250,1,463,154,196
"background",101,101,235,244,13,424,146,155
"background",102,102,209,218,11,539,116,226
"background",103,103,233,230,5,530,142,203
"background",104,104,249,257,1,420,160,186
"background",105,105,229,238,6,482,137,213
"background",106,106,208,217,12,498,122,201
"background",107,107,224,233,8,469,131,204
"background",108,108,242,250,1,466,153,196
"background",109,109,245,252,2,443,155,192
"background",110,110,243,241,1,473,154,193
"background",111,111,216,224,9,727,122,302
"background",112,112,210,220,17,488,116,188
"background",113,113,199,208,7,741,107,313
"background",114,114,224,233,7,539,130,235
"background",115,115,202,211,13,537,115,215
"background",116,116,177,185,8,758,89,295
"background",117,117,241,240,1,473,152,197
"background",118,118,212,221,11,509,118,215
"background",119,119,231,238,6,574,140,222
"background",120,120,228,237,7,474,135,208
"background",121,121,214,223,9,538,122,231
"background",122,122,245,253,2,440,156,193
"background",123,123,157,163,16,637,69,217
"background",124,124,229,238,7,474,137,209
"background",125,125,187,197,14,568,92,233
"background",126,126,202,212,18,526,111,207
"background",127,127,232,239,4,533,141,215
"background",128,128,208,218,14,509,117,208
"background",129,129,169,178,12,723,83,268
"background",130,130,169,177,15,727,83,268
"background",131,131,244,252,3,423,154,191
"background",132,132,235,243,6,430,146,190
"background",133,133,163,170,14,591,73,214
"background",134,134,238,246,2,505,149,218
"background",135,135,206,214,6,754,114,320
"background",136,136,217,226,7,588,123,255
"background",137,137,215,223,13,474,125,195
"background",138,138,212,221,10,759,119,315
"background",139,139,184,195,20,577,90,216
"background",140,140,245,253,1,450,157,195
"background",141,141,214,223,11,512,120,171
"background",142,142,162,168,14,601,71,212
"background",143,143,160,166,15,620,71,215
"background",144,144,220,229,9,482,126,208
"background",145,145,202,211,14,560,110,228
"background",146,146,201,210,7,689,107,292
"background",147,147,212,220,9,743,118,312
"background",148,148,241,248,2,479,151,202
"background",149,149,227,236,14,423,137,173
"background",150,150,243,242,1,467,154,192
"background",151,151,216,224,8,545,124,235
"background",152,152,191,200,11,697,99,284
"background",153,153,211,220,8,628,115,269
"background",154,154,206,216,9,652,110,276
"background",155,155,235,244,13,393,146,161
"background",156,156,168,173,13,554,75,208
"background",157,157,211,220,14,498,120,204
"background",158,158,239,238,2,482,150,192
"background",159,159,218,227,8,503,125,217
"background",160,160,235,243,12,390,147,161
"background",161,161,210,218,10,480,127,195
"background",162,162,242,240,1,476,153,198
"background",163,163,232,230,3,583,142,223
"background",164,164,207,215,6,768,115,325
"background",165,165,206,215,12,797,112,328
"background",166,166,216,225,7,584,121,254
"background",167,167,229,236,5,576,138,233
"background",168,168,208,217,7,725,115,310
"background",169,169,208,218,8,562,113,241
"background",170,170,246,253,1,448,158,192
"background",171,171,226,234,9,417,141,175
"background",172,172,232,240,4,518,141,224
"background",173,173,270,277,4,257,188,114
"background",174,174,167,178,15,571,75,219
"background",175,175,233,242,6,451,141,200
"background",176,176,235,243,3,498,145,203
"background",177,177,173,182,14,723,86,272
"background",178,178,236,244,5,462,145,206
"background",179,179,240,248,2,463,150,202
"background",180,180,201,211,8,603,105,256
"background",181,181,239,248,4,453,148,203
"background",182,182,220,228,7,688,128,282
"background",183,183,237,245,3,476,146,212
"background",184,184,204,213,10,616,111,258
"background",185,185,186,194,8,779,97,309
"background",186,186,226,233,7,635,134,253
"background",187,187,206,216,8,603,109,259
"background",188,188,216,225,7,617,122,267
"background",189,189,202,210,7,702,110,296
"background",190,190,172,183,19,601,82,204
"background",191,191,226,234,8,454,137,196
"background",192,192,237,235,2,501,148,206
"background",193,193,161,166,15,621,71,216
"background",194,194,222,231,14,455,129,173
"background",195,195,221,228,7,710,129,277
"background",196,196,233,231,3,544,143,212
"background",197,197,233,241,14,404,143,164
"background",198,198,215,224,10,488,128,203
"background",199,199,212,220,8,727,119,307
"background",200,200,235,243,3,494,144,219
"background",201,201,241,249,2,462,151,197
"background",202,202,156,164,23,738,77,251
"background",203,203,209,218,14,505,118,207
"background",204,204,220,229,8,511,127,222
"background",205,205,234,241,3,515,144,214
"background",206,206,230,237,5,570,139,227
"background",207,207,246,254,1,446,158,192
"background",208,208,211,221,9,537,118,229
"background",209,209,239,248,8,364,154,155
"background",210,210,211,220,16,488,118,182
"background",211,211,222,231,15,449,130,172
"background",212,212,231,240,6,467,141,206
"background",213,213,236,245,4,473,146,211
"background",214,214,210,218,13,507,119,209
"background",215,215,237,245,4,479,146,209
"background",216,216,214,224,15,479,122,177
"background",217,217,234,232,3,505,144,202
"background",218,218,243,251,4,419,153,188
"background",219,219,216,224,6,732,125,292
"background",220,220,162,168,15,624,72,218
"background",221,221,200,209,6,727,109,306
"background",222,222,240,248,7,359,156,154
"background",223,223,225,232,7,654,133,262
"background",224,224,251,259,1,412,162,184
"background",225,225,237,234,3,469,146,181
"background",226,226,209,218,6,616,115,267
"background",227,227,228,235,4,585,138,234
"background",228,228,210,219,7,600,116,258
"background",229,229,213,222,14,484,122,199
"background",230,230,162,173,18,608,74,189
"background",231,231,213,221,7,746,121,311
"background",232,232,221,229,7,678,129,277
"background",233,233,159,165,15,610,70,211
"background",234,234,245,252,4,331,163,144
"background",235,235,199,210,13,535,103,218
"background",236,236,241,249,3,456,150,195
"background",237,237,162,168,14,593,72,214
"background",238,238,198,208,10,586,100,246
"background",239,239,236,234,3,465,146,177
"background",240,240,241,240,2,462,151,181
"background",241,241,230,239,6,475,141,208
"background",242,242,238,246,3,476,148,206
"background",243,243,242,250,2,451,152,198
"background",244,244,237,245,3,483,146,210
"background",245,245,226,235,14,447,136,164
"background",246,246,241,248,2,479,152,206
"background",247,247,249,256,1,422,160,186
"background",248,248,242,240,1,479,152,191
"background",249,249,239,246,3,468,149,199
"background",250,250,272,279,3,250,190,111
"background",251,251,215,223,12,464,128,190
"background",252,252,237,245,7,372,153,159
"background",253,253,202,211,12,588,108,243
"background",254,254,222,231,17,443,131,177
"background",255,255,183,192,19,634,88,297
"background",256,256,204,213,11,769,110,319
"background",257,257,168,173,15,609,76,220
"background",258,258,220,229,7,544,129,236
"background",259,259,233,241,6,431,144,190
"background",260,260,240,248,3,467,150,203
"background",261,261,173,183,16,566,80,240
"background",262,262,239,247,3,467,148,202
"background",263,263,244,252,2,442,154,195
"background",264,264,230,238,10,406,143,170
"background",265,265,244,242,1,468,155,191
"background",266,266,241,240,2,477,152,193
"background",267,267,214,223,17,472,122,188
"background",268,268,193,204,12,612,96,248
"background",269,269,209,218,12,516,115,213
"background",270,270,164,174,18,600,74,239
"background",271,271,212,221,6,616,118,268
"background",272,272,242,250,3,446,151,197
"background",273,273,216,225,9,489,129,205
"background",274,274,181,190,18,605,86,273
"background",275,275,158,164,15,619,69,214
"background",276,276,205,214,8,733,110,310
"background",277,277,153,157,18,650,67,177
"background",278,278,205,214,10,613,112,258
"background",279,279,223,232,14,433,134,177
"background",280,280,230,239,13,444,140,159
"background",281,281,223,232,14,456,132,167
"background",282,282,190,198,8,794,99,317
"background",283,283,245,254,11,359,158,147
"background",284,284,239,248,5,438,148,196
"background",285,285,208,217,13,498,121,202
"background",286,286,232,239,8,591,139,231
"background",287,287,198,207,8,677,103,283
"background",288,288,245,252,1,455,156,195
"background",289,289,227,236,6,487,135,215
"background",290,290,244,253,4,418,154,188
"background",291,291,208,216,7,716,114,306
"background",292,292,237,244,3,488,146,206
"background",293,293,229,239,15,426,138,166
"background",294,294,209,218,7,579,113,250
"background",295,295,207,216,6,686,114,296
"background",296,296,220,228,11,725,126,295
"background",297,297,219,228,13,442,132,180
"background",298,298,217,226,15,462,126,188
"background",299,299,212,221,6,597,119,259
"background",300,300,234,232,2,551,144,213
"background",301,301,234,243,4,490,143,216
"background",302,302,243,251,2,446,153,193
"background",303,303,247,255,1,443,159,194
"background",304,304,225,233,4,576,134,250
"background",305,305,224,231,6,665,133,259
"background",306,306,190,200,20,561,95,212
"background",307,307,211,219,8,758,117,317
"background",308,308,236,243,3,494,146,204
"background",309,309,213,221,9,478,129,196
"background",310,310,241,249,6,353,158,152
"background",311,311,247,255,3,407,157,184
"background",312,312,217,225,10,739,123,304
"background",313,313,216,225,7,550,122,240
"background",314,314,212,221,8,553,117,239
"background",315,315,238,247,3,470,148,206
"background",316,316,234,241,7,553,143,212
"background",317,317,241,249,3,462,150,201
"background",318,318,246,254,2,433,156,191
"background",319,319,189,199,20,577,96,213
"background",320,320,192,201,20,576,99,218
"background",321,321,226,235,5,517,135,228
"background",322,322,208,217,10,764,113,402
"background",323,323,234,242,3,507,144,209
"background",324,324,223,232,7,507,131,223
"background",325,325,213,222,6,603,119,262
"background",326,326,234,243,6,450,142,199
"background",327,327,179,188,17,585,85,263
"background",328,328,214,223,14,479,124,197
"background",329,329,240,247,2,479,150,204
"background",330,330,172,182,14,555,79,224
"background",331,331,193,202,19,581,99,223
"background",332,332,168,174,14,569,76,215
"background",333,333,223,231,8,655,131,269
"background",334,334,239,237,2,478,149,188
"background",335,335,192,201,12,632,103,252
"background",336,336,237,245,3,480,146,208
"background",337,337,226,234,7,483,136,210
"background",338,338,244,243,1,460,155,187
"background",339,339,245,252,1,461,156,201
"background",340,340,249,257,12,356,161,143
"background",341,341,208,218,11,516,113,216
"background",342,342,203,213,14,512,108,186
"background",343,343,219,227,12,450,132,186
"background",344,344,250,257,4,311,169,137
"background",345,345,233,240,4,519,142,221
"background",346,346,236,243,3,494,146,201
"background",347,347,236,243,2,503,146,206
"background",348,348,217,225,8,530,126,227
"background",349,349,212,220,9,742,118,311
"background",350,350,206,214,6,723,112,309
"background",351,351,210,218,7,752,117,317
"background",352,352,178,187,16,573,84,252
"background",353,353,206,215,10,679,110,286
"background",354,354,220,229,9,486,127,210
"background",355,355,213,222,14,486,120,177
"background",356,356,242,241,1,468,153,189
"background",357,357,204,214,10,746,110,390
"background",358,358,215,223,7,715,123,300
"background",359,359,219,227,5,622,127,269
"background",360,360,220,227,4,657,130,276
"background",361,361,206,216,11,525,110,219
"background",362,362,236,245,4,470,145,209
"background",363,363,209,218,11,782,115,324
"background",364,364,237,244,3,487,147,200
"background",365,365,211,219,11,505,122,208
"background",366,366,217,226,14,465,127,191
"background",367,367,202,211,14,533,115,211
"background",368,368,203,212,14,798,108,424
"background",369,369,237,235,3,468,147,180
"background",370,370,231,239,5,500,139,221
"background",371,371,240,247,3,461,149,199
"background",372,372,216,225,7,550,121,240
"background",373,373,203,211,6,717,110,306
"background",374,374,230,238,4,552,140,226
"background",375,375,196,207,18,531,102,194
"background",376,376,215,224,7,617,120,267
"background",377,377,243,242,1,472,155,193
"background",378,378,207,216,7,710,113,303
"background",379,379,241,249,3,457,151,197
"background",380,380,191,200,13,620,99,245
"background",381,381,202,211,12,582,108,239
"background",382,382,210,219,12,489,124,198
"background",383,383,219,228,14,452,130,185
"background",384,384,235,233,2,522,146,211
"background",385,385,217,226,7,537,123,234
"background",386,386,230,239,5,487,139,214
"background",387,387,210,220,11,509,115,213
"background",388,388,212,221,5,645,120,278
"background",389,389,207,216,8,679,112,289
"background",390,390,222,229,7,696,130,274
"background",391,391,188,196,9,755,98,307
"background",392,392,163,169,14,616,73,217
"background",393,393,224,232,13,426,136,173
"background",394,394,238,246,5,447,146,199
"background",395,395,210,220,12,496,115,179
"background",396,396,206,215,8,587,111,251
"background",397,397,212,221,9,641,117,273
"background",398,398,234,231,5,518,143,197
"background",399,399,254,261,5,309,171,135
"background",400,400,205,215,18,507,112,199
"background",401,401,161,172,18,605,72,187
"background",402,402,207,217,13,520,114,214
"background",403,403,207,215,13,527,117,216
"background",404,404,235,243,4,496,144,215
"background",405,405,202,212,15,539,108,216
"background",406,406,237,244,3,486,146,205
"background",407,407,200,208,9,650,107,270
"background",408,408,217,225,8,452,134,188
"background",409,409,162,167,16,649,74,231
"background",410,410,240,248,3,457,150,202
"background",411,411,208,217,14,519,116,213
"background",412,412,243,251,1,466,155,205
"background",413,413,244,242,1,465,155,187
"background",414,414,170,180,14,552,77,217
"background",415,415,170,176,15,602,78,222
"background",416,416,222,230,8,677,129,279
"background",417,417,143,153,22,733,61,197
"background",418,418,225,232,7,650,132,264
"background",419,419,166,177,19,630,78,197
"background",420,420,156,167,18,621,69,182
"background",421,421,240,248,4,458,149,203
"background",422,422,238,247,5,411,150,182
"background",423,423,199,208,7,709,106,300
"background",424,424,147,155,26,784,70,259
"background",425,425,243,251,2,445,153,192
"background",426,426,237,246,6,436,146,195
"background",427,427,223,232,8,473,134,205
"background",428,428,233,241,3,522,143,219
"background",429,429,205,215,11,527,110,178
"background",430,430,226,233,8,655,134,254
"background",431,431,221,228,5,668,131,269
"background",432,432,176,185,10,727,88,280
"background",433,433,177,187,19,588,85,206
"background",434,434,204,213,11,585,111,243
"background",435,435,234,232,4,498,144,187
"background",436,436,218,227,14,458,128,189
"background",437,437,184,195,16,575,91,233
"background",438,438,212,221,7,597,117,259
"background",439,439,209,217,10,513,124,207
"background",440,440,207,217,9,545,111,232
"background",441,441,230,238,6,481,137,213
"background",442,442,247,255,7,334,163,144
"background",443,443,216,225,14,464,126,188
"background",444,444,191,201,13,567,96,234
"background",445,445,205,215,13,532,112,218
"background",446,446,167,178,17,635,79,187
"background",447,447,238,245,2,492,149,204
"background",448,448,214,224,10,508,121,216
"background",449,449,202,211,12,525,118,208
"background",450,450,166,172,14,580,74,217
"background",451,451,201,210,7,671,106,284
"background",452,452,243,250,1,464,154,198
"background",453,453,239,237,2,487,150,201
"background",454,454,211,220,11,515,117,216
"background",455,455,246,254,1,446,157,197
"background",456,456,166,172,14,580,75,215
"background",457,457,208,217,14,820,113,334
"background",458,458,232,241,5,493,141,219
"background",459,459,210,218,10,565,117,239
"background",460,460,239,238,2,481,150,194
"background",461,461,241,249,14,385,151,153
"background",462,462,235,234,2,539,145,207
"background",463,463,240,248,2,477,151,205
"background",464,464,214,223,9,535,120,229
"background",465,465,235,243,4,498,144,213
"background",466,466,216,226,11,496,122,173
"background",467,467,213,221,9,562,122,239
"background",468,468,208,217,6,693,115,298
"background",469,469,186,195,16,592,92,231
"background",470,470,237,245,3,487,147,206
"background",471,471,174,184,16,564,80,238
"background",472,472,231,240,5,476,141,210
"background",473,473,189,198,21,587,96,218
"background",474,474,204,212,7,808,113,330
"background",475,475,199,208,7,726,109,302
"background",476,476,201,210,13,575,108,234
"background",477,477,255,263,9,328,169,137
"background",478,478,192,202,16,704,98,358
"background",479,479,178,187,10,728,90,283
"background",480,480,241,249,2,480,152,209
"background",481,481,207,216,11,539,117,223
"background",482,482,243,251,2,454,154,197
"background",483,483,219,229,17,454,127,178
"background",484,484,214,223,17,473,122,188
"background",485,485,235,233,4,485,145,184
"background",486,486,235,242,4,495,144,194
"background",487,487,164,170,14,573,73,206
"background",488,488,164,169,17,649,76,185
"background",489,489,205,214,12,529,116,216
"background",490,490,244,252,2,447,154,196
"background",491,491,219,228,8,512,127,222
"background",492,492,218,227,8,511,125,221
"background",493,493,182,192,15,582,89,230
"background",494,494,212,220,13,492,122,203
"background",495,495,185,195,20,651,91,315
"background",496,496,203,212,11,731,108,305
"background",497,497,201,210,13,567,109,231
"background",498,498,217,227,9,500,122,214
"background",499,499,235,243,3,498,145,208
"background",500,500,214,224,17,474,121,184
"background",501,501,178,186,17,639,96,234
"background",502,502,228,236,7,426,142,181
"background",503,503,218,227,7,547,124,238
"background",504,504,238,237,2,485,148,192
"background",505,505,216,224,13,466,127,191
"background",506,506,206,215,10,690,111,290
"background",507,507,242,250,3,447,151,198
"background",508,508,226,233,5,604,135,247
"background",509,509,207,216,8,607,111,261
"background",510,510,207,216,18,502,114,198
"background",511,511,204,214,19,508,111,195
"background",512,512,219,217,4,748,130,297
"background",513,513,237,245,3,476,146,213
"background",514,514,228,235,8,624,136,246
"background",515,515,228,237,5,518,137,228
"background",516,516,235,243,6,371,153,159
"background",517,517,239,247,11,373,152,155
"background",518,518,227,235,13,421,138,173
"background",519,519,200,209,7,710,108,301
"background",520,520,204,214,12,560,111,231
"background",521,521,212,221,7,587,117,255
"background",522,522,214,222,6,683,123,289
"background",523,523,235,243,4,493,143,216
"background",524,524,207,215,7,650,115,276
"background",525,525,212,221,13,490,122,202
"background",526,526,255,263,12,349,169,135
"background",527,527,217,225,9,448,135,184
"background",528,528,218,226,8,703,125,292
"background",529,529,243,251,4,421,153,189
"background",530,530,242,249,1,479,153,209
"background",531,531,165,174,17,714,81,257
"background",532,532,251,259,1,418,163,186
"background",533,533,264,271,4,274,181,121
"background",534,534,227,235,9,410,142,172
"background",535,535,210,219,7,661,116,284
"background",536,536,238,247,5,443,147,198
"background",537,537,241,239,2,475,152,190
"background",538,538,235,244,5,435,147,192
"background",539,539,170,175,15,604,78,221
"background",540,540,220,228,6,548,126,240
"background",541,541,218,227,9,497,123,213
"background",542,542,171,180,17,581,79,243
"background",543,543,212,222,8,538,116,231
"background",544,544,242,250,2,469,153,201
"background",545,545,235,243,6,523,144,200
"background",546,546,220,228,7,696,129,280
"background",547,547,226,234,8,468,136,203
"background",548,548,196,205,13,606,103,243
"background",549,549,242,250,2,460,153,199
"background",550,550,214,222,10,499,125,209
"background",551,551,203,213,11,537,105,224
"background",552,552,206,216,10,537,109,226
"background",553,553,224,233,6,540,132,236
"background",554,554,201,210,13,596,106,241
"background",555,555,217,225,7,713,125,295
"background",556,556,208,217,13,522,117,215
"background",557,557,209,217,6,729,116,312
"background",558,558,216,226,9,507,121,218
"background",559,559,206,215,13,531,115,218
"background",560,560,153,158,18,678,67,179
"background",561,561,233,241,6,388,150,167
"background",562,562,175,184,15,681,88,254
"background",563,563,209,218,12,524,116,218
"background",564,564,172,182,16,566,79,183
"background",565,565,229,237,7,469,137,207
"background",566,566,204,213,12,546,114,224
"background",567,567,194,203,21,801,99,413
"background",568,568,211,219,7,717,117,306
"background",569,569,217,226,8,550,126,236
"background",570,570,185,195,20,589,93,212
"background",571,571,204,214,14,543,112,221
"background",572,572,198,207,16,836,103,441
"background",573,573,218,227,13,476,124,175
"background",574,574,187,197,20,575,95,208
"background",575,575,228,237,5,513,137,226
"background",576,576,142,151,22,749,60,203
"background",577,577,273,280,2,235,194,105
"background",578,578,249,257,13,364,161,142
"background",579,579,225,233,4,614,135,252
"background",580,580,199,207,8,755,109,306
"background",581,581,176,185,14,696,88,263
"background",582,582,238,247,4,469,147,206
"background",583,583,235,244,6,419,147,185
"background",584,584,229,238,7,446,140,194
"background",585,585,205,214,13,551,112,226
"background",586,586,195,204,9,689,101,285
"background",587,587,197,207,16,558,102,220
"background",588,588,201,210,17,536,109,212
"background",589,589,189,198,9,735,99,301
"background",590,590,200,210,9,574,102,242
"background",591,591,230,238,5,508,138,225
"background",592,592,230,238,4,546,140,227
"background",593,593,242,251,4,429,152,192
"background",594,594,205,214,12,513,110,182
"background",595,595,164,170,14,588,73,210
"background",596,596,213,221,9,759,120,315
"background",597,597,231,229,3,558,141,223
"background",598,598,237,235,4,458,147,169
"background",599,599,234,241,4,511,143,216
"background",600,600,225,234,7,478,136,208
"background",601,601,234,232,3,505,144,200
"background",602,602,245,243,1,460,156,191
"background",603,603,235,233,3,486,145,190
"background",604,604,227,225,3,641,138,247
"background",605,605,220,228,9,477,131,203
"background",606,606,216,225,15,470,125,192
"background",607,607,169,180,14,567,77,220
"background",608,608,242,251,3,448,152,198
"background",609,609,153,163,18,618,66,174
"background",610,610,245,253,1,452,157,193
"background",611,611,167,172,14,569,75,210
"background",612,612,225,234,6,522,131,228
"background",613,613,234,243,4,495,143,220
"background",614,614,213,222,8,602,117,260
"background",615,615,235,244,5,454,143,202
"background",616,616,230,238,13,410,140,169
"background",617,617,200,209,13,563,110,226
"background",618,618,205,214,15,528,112,213
"background",619,619,224,232,5,595,132,256
"background",620,620,199,208,18,869,103,461
"background",621,621,219,228,12,449,131,186
"background",622,622,196,204,10,665,105,272
"background",623,623,238,246,4,462,147,205
"background",624,624,210,219,11,528,117,222
"background",625,625,163,168,14,593,71,209
"background",626,626,198,208,19,542,105,210
"background",627,627,215,224,14,466,126,189
"background",628,628,237,235,3,452,146,169
"background",629,629,181,190,17,626,97,232
"background",630,630,193,204,13,574,96,233
"background",631,631,207,217,12,539,114,224
"background",632,632,226,234,7,411,144,173
"background",633,633,239,246,3,469,148,202
"background",634,634,212,221,9,539,119,230
"background",635,635,195,204,17,747,100,386
"background",636,636,222,230,10,695,129,283
"background",637,637,208,218,9,540,112,230
"background",638,638,235,233,3,490,145,191
"background",639,639,234,242,3,508,144,204
"background",640,640,217,226,9,506,123,217
"background",641,641,241,239,2,469,151,186
"background",642,642,180,189,10,711,91,279
"background",643,643,233,242,15,409,143,160
"background",644,644,179,188,12,714,91,277
"background",645,645,159,170,17,613,72,178
"background",646,646,190,200,21,574,96,215
"background",647,647,212,222,12,496,118,175
"background",648,648,244,252,1,460,155,195
"background",649,649,211,221,13,485,117,182
"background",650,650,235,243,10,382,149,160
"background",651,651,202,212,13,528,105,216
"background",652,652,233,240,4,522,142,207
"background",653,653,209,217,6,782,117,325
"background",654,654,241,248,2,462,150,198
"background",655,655,251,259,4,307,170,135
"background",656,656,224,232,7,487,131,213
"background",657,657,206,214,7,795,115,314
"background",658,658,175,186,19,607,85,201
"background",659,659,246,254,2,437,156,193
"background",660,660,238,246,2,490,149,207
"background",661,661,213,222,8,630,118,270
"background",662,662,202,211,8,600,105,254
"background",663,663,221,229,8,449,136,189
"background",664,664,238,246,2,502,149,217
"background",665,665,243,251,11,365,155,151
"background",666,666,148,156,25,778,71,259
"background",667,667,232,240,4,523,140,225
"background",668,668,247,255,2,426,158,189
"background",669,669,241,249,3,447,151,198
"background",670,670,202,211,12,564,111,230
"background",671,671,211,220,10,527,121,221
"background",672,672,275,282,2,227,196,102
"background",673,673,234,241,3,510,143,208
"background",674,674,209,218,15,491,114,187
"background",675,675,203,212,19,512,109,196
"background",676,676,241,240,1,478,153,197
"background",677,677,208,217,13,506,119,205
"background",678,678,173,183,15,560,80,232
"background",679,679,240,238,2,486,151,198
"background",680,680,230,238,6,399,147,170
"background",681,681,238,246,3,473,148,209
"background",682,682,230,237,5,574,139,222
"background",683,683,206,215,14,528,114,216
"background",684,684,255,262,3,294,174,130
"background",685,685,177,186,15,674,89,252
"background",686,686,241,249,1,481,152,207
"background",687,687,207,216,12,507,121,206
"background",688,688,159,165,16,602,70,210
"background",689,689,200,208,12,532,117,210
"background",690,690,244,252,3,437,153,194
"background",691,691,183,193,20,583,91,208
"background",692,692,257,265,10,325,171,133
"background",693,693,244,243,1,465,156,196
"background",694,694,222,232,8,487,128,211
"background",695,695,169,179,16,570,77,233
"background",696,696,224,232,6,646,134,255
"background",697,697,229,238,6,467,138,207
"background",698,698,214,223,6,606,121,262
"background",699,699,227,235,8,625,135,254
"background",700,700,238,247,4,463,148,206
"background",701,701,228,237,7,465,136,204
"background",702,702,242,250,4,425,151,191
"background",703,703,191,201,14,588,97,237
"background",704,704,185,195,20,647,91,311
"background",705,705,208,217,7,748,116,317
"background",706,706,230,227,6,582,139,222
"background",707,707,227,235,5,537,135,236
"background",708,708,181,190,9,742,93,293
"background",709,709,238,246,3,473,148,202
"background",710,710,200,210,11,673,103,280
"background",711,711,189,199,13,573,94,235
"background",712,712,202,212,10,645,105,271
"background",713,713,238,246,2,493,149,208
"background",714,714,177,187,15,588,85,228
"background",715,715,209,217,12,504,121,205
"background",716,716,243,251,2,452,154,195
"background",717,717,236,234,2,515,146,207
"background",718,718,245,252,2,437,155,190
"background",719,719,245,253,1,455,156,201
"background",720,720,203,212,10,624,111,260
"background",721,721,208,218,8,608,112,261
"background",722,722,221,229,7,541,129,235
"background",723,723,274,281,2,233,194,104
"background",724,724,238,246,2,489,149,205
"background",725,725,170,181,19,608,81,196
"background",726,726,200,209,6,730,108,310
"background",727,727,204,213,12,515,119,207
"background",728,728,221,230,7,511,128,223
"background",729,729,207,217,18,501,115,198
"background",730,730,228,236,11,409,141,170
"background",731,731,213,222,12,774,119,317
"background",732,732,205,215,9,570,109,243
"background",733,733,204,213,14,541,109,219
"background",734,734,234,241,4,507,143,200
"background",735,735,216,225,10,501,122,214
"background",736,736,242,250,3,448,151,199
"background",737,737,237,245,4,472,146,208
"background",738,738,142,152,22,733,61,200
"background",739,739,233,231,3,528,143,203
"background",740,740,207,216,12,502,121,204
"background",741,741,268,275,2,250,188,112
"background",742,742,209,218,6,645,116,277
"background",743,743,239,246,2,492,149,213
"background",744,744,235,243,4,495,144,212
"background",745,745,203,210,6,815,113,321
"background",746,746,202,213,9,608,105,259
"background",747,747,196,205,13,600,105,240
"background",748,748,247,254,1,442,159,189
"background",749,749,150,160,19,675,65,186
"background",750,750,173,184,18,610,84,195
"background",751,751,217,226,6,568,123,249
"background",752,752,206,215,7,649,113,276
"background",753,753,243,250,1,469,154,198
"background",754,754,203,212,9,635,111,266
"background",755,755,227,235,9,637,134,259
"background",756,756,174,183,11,725,85,276
"background",757,757,195,206,13,554,98,224
"background",758,758,244,252,1,458,155,196
"background",759,759,197,207,18,553,105,215
"background",760,760,170,181,15,562,78,226
"background",761,761,241,249,3,456,151,201
"background",762,762,222,230,6,535,129,235
"background",763,763,228,237,6,492,135,216
"background",764,764,185,193,9,727,95,290
"background",765,765,232,240,4,501,140,222
"background",766,766,248,256,1,435,160,193
"background",767,767,234,243,4,483,143,215
"background",768,768,189,198,12,642,98,254
"background",769,769,150,159,24,765,72,257
"background",770,770,206,215,6,704,115,297
"background",771,771,208,216,7,720,118,293
"background",772,772,238,246,2,480,148,202
"background",773,773,208,217,11,514,121,211
"background",774,774,233,231,2,536,143,212
"background",775,775,237,245,2,491,147,203
"background",776,776,220,228,5,655,130,261
"background",777,777,212,222,10,511,116,217
"background",778,778,241,248,2,476,152,200
"background",779,779,225,234,6,511,132,225
"background",780,780,232,239,4,529,141,225
"background",781,781,165,176,17,603,76,186
"background",782,782,182,192,16,581,89,233
"background",783,783,214,223,12,476,126,195
"background",784,784,169,180,14,556,77,214
"background",785,785,237,244,4,489,146,208
"background",786,786,236,244,2,494,146,206
"background",787,787,245,253,13,370,156,149
"background",788,788,236,244,9,377,150,160
"background",789,789,214,223,6,583,120,253
"background",790,790,213,222,7,584,119,252
"background",791,791,207,215,8,756,113,319
"background",792,792,253,261,1,403,165,181
"background",793,793,219,228,8,511,129,220
"background",794,794,149,159,20,697,66,194
"background",795,795,238,236,3,469,147,178
"background",796,796,220,228,5,639,130,268
"background",797,797,239,247,2,472,149,200
"background",798,798,206,216,9,635,109,271
"background",799,799,233,231,3,533,143,211
"background",800,800,210,220,8,600,115,259
"background",801,801,232,241,6,460,140,203
"background",802,802,248,255,2,429,158,190
"background",803,803,224,233,8,474,131,206
"background",804,804,240,248,3,457,149,202
"background",805,805,204,214,11,713,109,297
"background",806,806,222,230,9,435,137,181
"background",807,807,211,219,8,586,118,251
"background",808,808,157,162,17,622,69,172
"background",809,809,226,234,5,591,136,246
"background",810,810,179,190,20,608,87,221
"background",811,811,214,223,10,514,121,220
"background",812,812,233,240,5,527,142,209
"background",813,813,219,228,7,514,125,224
"background",814,814,213,221,7,724,120,306
"background",815,815,207,216,11,559,113,233
"background",816,816,257,265,3,285,177,126
"background",817,817,234,242,4,504,144,210
"background",818,818,189,199,21,582,96,218
"background",819,819,248,256,1,436,160,193
"background",820,820,211,221,16,487,120,197
"background",821,821,213,222,6,649,119,281
"background",822,822,199,208,10,657,107,271
"background",823,823,193,203,19,774,98,400
"background",824,824,240,248,4,457,149,203
"background",825,825,237,245,4,467,145,207
"background",826,826,141,151,22,732,60,202
"background",827,827,167,176,20,686,86,241
"background",828,828,239,247,4,449,148,202
"background",829,829,193,202,8,762,102,314
"background",830,830,239,247,5,416,151,184
"background",831,831,205,214,8,606,109,260
"background",832,832,207,216,16,511,115,205
"background",833,833,244,252,13,372,155,150
"background",834,834,243,251,1,467,155,203
"background",835,835,211,221,10,520,115,221
"background",836,836,194,204,18,535,99,193
"background",837,837,223,231,8,426,139,179
"background",838,838,214,222,6,754,122,306
"background",839,839,205,214,13,542,112,222
"background",840,840,184,193,14,641,95,246
"background",841,841,250,257,4,311,169,136
"background",842,842,209,218,11,514,122,210
"background",843,843,207,217,16,499,114,184
"background",844,844,231,229,3,635,141,249
"background",845,845,234,242,2,524,145,214
"background",846,846,228,237,6,500,135,219
"background",847,847,191,201,20,588,97,223
"background",848,848,211,219,7,721,118,306
"background",849,849,240,248,2,481,151,200
"background",850,850,173,183,16,565,80,239
"background",851,851,208,216,6,773,116,325
"background",852,852,221,230,15,448,130,183
"background",853,853,242,250,2,459,152,200
"background",854,854,202,211,10,605,110,251
"background",855,855,173,182,13,734,85,279
"background",856,856,210,218,11,487,125,198
"background",857,857,199,209,16,554,104,218
"background",858,858,239,247,3,457,148,205
"background",859,859,240,248,3,455,149,203
"background",860,860,240,238,2,490,150,193
"background",861,861,242,251,12,373,154,151
"background",862,862,202,212,19,520,108,202
"background",863,863,204,214,9,560,107,238
"background",864,864,171,176,15,604,80,225
"background",865,865,236,233,5,497,145,186
"background",866,866,229,237,4,535,138,234
"background",867,867,261,269,10,320,176,129
"background",868,868,217,226,8,516,122,223
"background",869,869,235,243,6,386,151,167
"background",870,870,243,251,2,451,154,198
"background",871,871,241,249,3,460,150,202
"background",872,872,222,231,6,528,130,231
"background",873,873,214,222,6,741,123,302
"background",874,874,241,248,2,464,151,196
"background",875,875,209,217,7,693,115,298
"background",876,876,161,166,14,609,71,213
"background",877,877,240,248,3,458,149,203
"background",878,878,236,244,4,484,144,214
"background",879,879,223,232,7,495,132,216
"background",880,880,222,231,6,525,129,231
"background",881,881,237,244,4,485,146,208
"background",882,882,237,246,4,465,147,207
"background",883,883,207,216,8,699,112,298
"background",884,884,214,224,8,532,120,229
"background",885,885,233,240,4,518,142,214
"background",886,886,198,207,10,733,104,304
"background",887,887,163,174,15,577,72,214
"background",888,888,225,234,15,431,134,176
"background",889,889,204,214,8,598,108,256
"background",890,890,225,234,12,417,138,171
"background",891,891,216,224,7,710,123,298
"background",892,892,238,245,5,366,155,158
"background",893,893,230,239,4,524,139,231
"background",894,894,244,252,1,454,156,194
"background",895,895,238,236,3,447,148,169
"background",896,896,215,224,10,499,121,211
"background",897,897,186,197,20,567,91,214
"background",898,898,239,248,5,422,150,188
"background",899,899,220,228,9,702,127,289
"background",900,900,242,250,2,459,152,201
"background",901,901,206,215,12,529,116,216
"background",902,902,239,248,4,441,148,198
"background",903,903,191,201,15,599,95,240
"background",904,904,244,252,2,444,154,196
"background",905,905,200,209,11,600,108,247
"background",906,906,203,213,9,579,106,246
"background",907,907,241,249,2,476,152,203
"background",908,908,167,178,18,628,79,192
"background",909,909,202,212,9,588,105,250
"background",910,910,185,194,14,651,94,252
"background",911,911,240,238,2,485,151,200
"background",912,912,231,240,6,455,139,201
"background",913,913,228,234,7,635,136,246
"background",914,914,221,229,5,622,129,267
"background",915,915,247,255,8,337,162,144
"background",916,916,221,228,7,700,129,276
"background",917,917,217,224,6,719,125,298
"background",918,918,238,246,2,492,149,206
"background",919,919,207,216,11,520,121,211
"background",920,920,206,216,8,574,110,246
"background",921,921,235,243,6,442,143,196
"background",922,922,230,237,5,575,139,225
"background",923,923,163,168,16,642,74,228
"background",924,924,263,271,5,282,180,123
"background",925,925,240,249,4,445,150,199
"background",926,926,224,231,5,623,134,257
"background",927,927,206,215,15,523,114,212
"background",928,928,205,214,9,753,111,315
"background",929,929,194,205,15,543,100,184
"background",930,930,215,223,13,473,126,195
"background",931,931,159,169,18,651,73,190
"background",932,932,233,231,3,531,143,207
"background",933,933,202,211,13,537,114,215
"background",934,934,239,247,13,400,150,151
"background",935,935,242,240,1,476,153,195
"background",936,936,212,221,6,631,118,273
"background",937,937,185,195,19,570,91,208
"background",938,938,228,237,8,463,135,202
"background",939,939,223,232,7,495,130,217
"background",940,940,226,236,17,431,135,172
"background",941,941,164,174,17,575,74,225
"background",942,942,202,213,9,622,105,263
"background",943,943,214,222,6,746,122,306
"background",944,944,167,173,15,618,77,225
"background",945,945,206,215,13,540,115,222
"background",946,946,213,221,14,798,118,323
"background",947,947,220,229,7,568,126,247
"background",948,948,210,219,7,672,116,289
"background",949,949,159,164,16,643,71,222
"background",950,950,220,230,14,467,129,168
"background",951,951,242,250,3,452,152,201
"background",952,952,224,233,8,477,131,208
"background",953,953,155,166,18,638,69,181
"background",954,954,213,221,12,475,126,193
"background",955,955,242,250,2,451,152,194
"background",956,956,186,196,19,567,94,198
"background",957,957,243,242,1,468,155,196
"background",958,958,193,203,21,564,100,212
"background",959,959,202,213,9,596,105,254
"background",960,960,225,233,6,511,132,225
"background",961,961,204,213,14,547,111,222
"background",962,962,222,230,4,587,130,256
"background",963,963,239,248,4,443,149,198
"background",964,964,212,221,8,576,121,246
"background",965,965,239,246,2,481,149,201
"background",966,966,214,224,10,503,119,213
"background",967,967,203,212,12,546,114,222
"background",968,968,207,217,11,523,110,219
"background",969,969,159,170,19,650,73,192
"background",970,970,170,181,15,563,78,223
"background",971,971,241,248,3,460,150,202
